2.99206928089 0.217994078757 0.00736407165358
-0.781782587763 -2.62355110895 0.393961999506
-0.438444900383 -4.96778807689 0.699495516293
-0.981911290558 -1.81065846342 1.5968714078
-0.575791499318 -1.1824034312 1.74313596386
0.472558877502 0.881299102061 1.76474254319
-2.67166111404 -0.635365656395 0.0661193893858
0.819331525338 0.573320025455 1.36421969232
1.00545071573 2.82649409308 1.28866346209
-0.396102324333 -2.91820637585 1.60550085476
0.909624877552 0.415430598462 1.98875123948
-1.8528357656 0.359449008924 1.4876860686
-2.82933776708 -1.00257942683 1.65017987763
0.0859139280091 0.996302562967 1.67702947295
1.89959743212 -2.32196675167 0.17574683448
-1.089883098 0.795023225789 1.74896114372
-2.31037752832 -3.91367595916 1.09967516519
1.80444730003 -2.3966580777 0.287278335669
-2.99500172628 -1.82689696837 1.33642937392
0.826910582286 -2.88378551368 1.57835873314
0.308898084792 0.951095144143 1.11004013649
-1.8823802034 0.335946225805 0.594618897497
2.65845154449 1.39019257141 1.49189084911
0.997546542424 0.0700063975526 0.835877262898
0.281493631592 -0.959563096088 1.3432989442
-0.998777491371 -2.04943200109 0.705357530208
0.864673790455 0.502333789527 1.06675104578
-2.60810547267 -0.517506882504 1.95033669114
0.533009030537 0.846109551634 0.781754814208
2.5352847816 1.60384883208 1.54581792295
-0.269062909687 -1.03687739585 0.824546091511
0.156039001994 2.99593922332 0.336557420272
2.92539235818 -0.664890630623 0.150527144957
0.454242732171 2.96541119244 1.91296793407
0.512403674122 2.95591652026 1.69702572283
-1.51725867395 0.588035184521 0.852452084488
-0.764548639406 -2.6445660385 0.707269329499
-0.0910863217953 0.998616894834 0.969964691448
0.00663194328476 2.99999266955 0.252955539
-1.44648059354 -4.6282492067 0.215553482459
0.399411113694 0.916771924885 1.99172470735
-1.24351879937 -4.73013937293 1.9160462863
0.340934438936 0.940087074875 0.45291913388
1.58524731442 2.5469571948 1.23404505362
2.72336273412 -1.25829067326 0.160483081105
0.50817239045 0.861255375359 1.40965792612
-2.99766664658 -1.88170090455 1.47661039321
1.24833845629 -2.72793898366 1.95619421157
-2.57111424321 -0.454240785774 1.82073086628
2.75495985364 -1.18751682297 1.77199063032
1.62169451111 2.5239070729 0.305958279464
2.94378663357 -0.578031362494 0.346024517136
-0.906919257523 -2.42130447462 1.60389609785
-0.926234286421 -1.6230516658 1.61682856771
-0.917505662885 -1.60227728431 0.487090737826
-0.178365811598 -4.99469291201 1.8128152329
-1.34576574515 0.681215127361 1.76012790717
-0.788327743996 -4.89457067076 1.65185178536
0.998809917348 -0.0487724205638 1.04681588932
-1.90759491488 -4.31540096759 0.137607107667
-2.21072806692 -4.02797470747 1.490743754
-1.61744999998 0.526629275845 0.83149433247
-0.939855310447 -2.34157282594 1.60167597947
0.898520354066 -0.438931854996 0.0140384896045
2.99561072632 0.162223230035 0.435531240469
-2.712778288 -0.719049587152 1.20476521216
-0.583683677108 -2.81198113591 0.686954634133
-0.414814123683 -2.90990617252 0.157645516623
-2.62047746647 -0.539487128529 1.47088388118
0.516535763439 -0.856265615968 1.20535319293
0.508870680069 -0.860842976951 1.27373899084
0.772346861981 -0.635201011325 1.43489439129
0.889921946009 -0.456112847891 0.00138665437052
-2.73843591983 -3.22514028297 0.233715167117
0.41114362015 0.911570580707 1.52840836255
-0.106691509819 -2.99429217121 0.867296568468
-0.892974479773 -2.45010729662 0.194921149318
0.687568669426 2.92014542871 1.75648990048
0.840941535238 0.541125987467 1.38709004539
-2.785182647 -0.885209605857 0.858553572995
0.852941627581 0.522006302586 0.673548108956
-0.937437959749 -1.6518476316 0.932210833808
-0.0322784930774 -1.00052108632 0.213615503479
-0.43907312054 0.96769519911 0.644878883179
-0.87884759662 -1.52289738848 0.704045257385
-0.354807241284 -1.0650605252 0.0908342878837
-0.535464288968 -2.84455786968 1.40187318247
2.51412553428 1.63681788781 0.0644873276559
-2.33032960263 -0.110671033648 0.0354763398511
0.797831155268 -0.602880956478 0.520206668834
-2.48928418035 -0.32564511842 1.85418829203
-0.280176376676 -2.95994853922 1.19737287645
-1.7323784096 -4.4492580603 1.18304013846
-0.188364320649 -2.98209922243 1.37228980221
-0.685911253577 -1.27231479868 0.247062929516
-0.176805334516 -2.98424584007 1.77095587153
-0.263354325405 -1.03530082446 1.96104353075
-1.23993893547 -4.73176709042 1.79935894798
0.227793011328 0.973709578874 1.46990143256
0.33153101251 0.943444321486 0.579588176829
2.12422231943 -2.11841439233 0.192268910151
0.318620343903 0.947882416997 0.507375335149
-0.821421426714 -4.88535385 1.71667517893
0.872391525884 0.488807759315 0.637273256115
0.169847190428 -0.985470411481 1.71495650509
-0.358182855267 -4.97854075718 1.14820108514
-0.519967403737 -1.14581389671 1.05701265676
-1.47556775817 -4.61202982201 0.454167163001
-1.86668495935 -4.34850745422 1.10128480577
-0.823969899538 -1.43336642823 0.415919045593
-0.729097990327 -1.31559067766 1.25984778169
2.99736925051 -0.125608821824 1.77214913872
-2.74676806901 -3.20634372176 1.57293203658
0.790802743718 0.612071091073 1.88570373526
2.37974808912 1.82669073253 1.98242929644
-1.63672382973 0.514186768164 1.93423321789
-0.27127609437 -1.03749842565 1.58482851953
0.79198438871 -0.610541340157 1.92393627454
2.91602016319 0.704859140456 0.577561433543
-0.863160384476 0.873143600775 1.25390485091
2.06087716953 -2.18008836796 0.898159362674
-1.9682120668 -4.26409833269 1.58363447747
0.80220837334 0.597044157281 0.23630849526
0.481003844441 0.876718484824 0.0943534476234
-0.593853603373 -1.19542688476 1.72555169444
-2.25320551893 -3.98067283756 0.815053679682
1.47555399507 2.6120375969 0.565600932727
2.56256246078 1.55989539221 1.47499423863
-0.981628659856 -1.80919860024 0.635161059917
0.450624351785 -0.892713668305 1.80608678715
-0.866456380112 0.872151343743 1.03485225295
1.54539927864 2.57133060293 0.571619946852
2.22674210023 2.01037797916 1.72777497522
2.85553822883 -0.919728994693 0.34246124331
-1.62016555578 0.524888823663 1.60447944594
0.0532271708159 -0.99858242939 1.82863322966
0.999673440073 -0.0255541231957 0.757618142242
0.864094160395 -0.503330191794 0.786624658899
0.938397645115 0.345557317449 0.239392253963
-2.96249505379 -2.4728879955 1.87698457852
-2.96320758854 -1.53159762252 0.997671435282
-0.442901065201 -4.96712632802 1.28617123602
-2.13093956687 -4.1116573023 1.98743506456
2.18624019543 2.0543499721 0.329143937651
2.49090488021 1.67194284524 1.98303879683
0.0327485100004 0.999463623697 0.0639939025936
-2.93271079376 -1.36817138387 1.58686528729
0.569513975533 0.821981649231 1.0616693206
2.74949391174 1.20011800642 0.391526333263
-0.215164795625 0.992274070122 0.628788389304
1.33479820625 -2.68669197129 1.04195398411
1.42349103446 -2.64077134088 1.08253728924
0.98743910205 0.158000062475 1.04555887496
1.63121072224 2.51776718139 0.238605646378
2.60255543394 1.49221486834 1.35566240539
1.43858371226 2.63257989486 0.77477032609
0.995495257186 -0.09481135438 1.50886889356
1.27146655872 2.71723624112 0.311177750918
0.548887992865 -0.835895909362 0.991762022224
-0.933731285673 -2.35797470044 0.242667070567
1.97030337728 2.26227863038 0.25092268186
2.25162315353 -1.98247148138 1.48986117438
0.778454103324 -2.89724165527 1.60913255427
0.329946103631 -0.943999771557 1.04744861171
-0.168625370873 -2.98568021401 0.759096569902
-2.92341638211 -2.67352554279 1.74265118852
2.63878465638 -1.42717046538 0.264058830083
-2.42735164442 -0.237058142097 1.94749916343
-0.976130269421 -2.21718585847 1.33410692082
-0.11443654802 -2.99343055946 0.215276882365
-0.0988360140315 -1.00489626554 1.86911514233
0.817982074769 -0.575243709533 0.784449849197
1.54507361739 2.57152630102 0.178225469896
2.92354339252 0.672974020356 1.43621531638
0.192742154437 -0.981249439186 0.464190504458
0.739918948697 0.672696030432 0.230997094784
2.04492365954 2.19505973191 0.57495806868
-0.954841505996 -1.70288436859 1.26240523944
-2.72732321166 -3.2496831995 1.76195727318
2.54584603981 -1.58703117222 0.056315895641
0.390382766851 0.920652646412 0.518869252314
0.117766685342 0.993041292104 1.56565135015
0.513193350312 2.95577952243 0.913694350063
-0.0501152749366 -1.00125655986 1.0409126767
0.140836652503 2.99669234946 1.84482728805
-1.59840661413 -4.53871942048 1.4281976188
-0.983547513773 -1.81935037185 1.03827903145
0.162523726666 0.98670463578 0.802915662889
-1.43907537043 0.632311166677 0.975635222404
0.016539648703 -0.999863210655 1.02118072647
1.86599355218 2.34905684546 0.980320384692
0.114780598323 0.993390866804 1.65356978415
-2.73252705234 -0.761736737102 1.00489437185
-2.88606160213 -2.81893127227 0.712984240946
2.49193294224 -1.67041019255 0.517792864586
0.904813044478 -0.425809058784 0.626723319634
-2.82144745916 -3.01952647596 0.833958490799
1.0313283955 2.81715490178 1.76955858917
-0.72375012266 -4.91138897435 1.59742743353
1.03392344915 2.81620352625 0.575178159103
-2.50560653427 -0.350170949638 1.61227691044
-0.981687183099 -1.80949993559 1.40703611653
-1.70704929786 -4.46697845444 0.92782769732
0.925095065125 -0.379735592856 1.71261401192
0.931381523572 2.8517588358 1.94966291599
-1.45177912882 0.62532614376 0.933890718047
-1.45830546128 -4.62170653995 1.65345996814
0.872987554835 -0.487742482365 0.19671822431
-0.782512262271 -2.62263517359 1.65194010437
-0.881374999442 -1.52758269469 0.949397341802
0.796319980663 0.604875597456 1.45930554639
-2.64793097774 -3.41012819883 1.49220732075
0.945163630112 0.32659717132 1.9643119377
-0.0814278306964 -4.99889471446 1.94266994963
1.6537480073 2.50302167956 1.3086256467
0.645897352327 -0.763424266222 0.0136368092114
-2.48041224075 -0.312529965908 0.362151719844
0.524746384154 -0.851258616589 0.204470419035
2.41058074162 -1.78580527722 0.929149845965
-0.11899130763 -4.99763924926 1.23816393627
0.502526891955 -2.95761165856 1.87337433634
1.45497923395 -2.6235539691 1.19186704408
0.278847230135 -0.960335473804 0.517996330297
-2.20654467045 -4.03252567445 1.84317441819
-0.946570796188 -1.67750391041 1.50838973875
-1.9666459671 -4.26545881448 0.479319625491
0.963373782668 0.268162180161 1.2167602283
2.95618290053 0.510864618666 1.43202620347
0.566762149811 0.823881463283 0.728941040408
0.998215923988 0.0597073621667 1.13648473414
-2.43576881876 -3.75129388213 1.25701270232
-2.99653159082 -2.1442165913 0.658349398304
-0.173884208274 -2.98476610528 0.0715032433045
0.507635720698 2.95673907795 1.50978609621
-0.980062781969 -1.8013119445 1.4893629887
1.45854136704 -2.62157530516 0.906174528121
-2.61270830443 -0.525633927432 0.739749398294
-2.72197115398 -3.26129815544 1.01112493877
2.07141414096 2.17007913603 1.70989457638
0.211484059253 -0.977381446868 0.157754369738
1.59011833151 2.54391896329 0.658236316305
-0.975185543975 -1.77861085207 0.389685452778
0.96399843982 -0.265907893875 1.15984319079
-0.926824302712 -2.37549528879 1.54331035793
-2.27382000508 -3.95697281138 1.30554785959
0.940056220812 2.84891107297 1.39663700598
-2.95961571473 -2.49058620154 1.63769324899
0.0579499923682 -0.998319487131 1.02972114372
1.29584175687 -2.70569660922 1.02490153121
-1.45260940957 -4.62486683534 0.810266725241
-2.84352111519 -1.04376380144 0.0805047848725
0.806846733577 -0.590760821751 1.6395658186
2.4438885184 1.7399450881 1.40965204597
0.151333229947 -0.988482803853 1.72828093855
2.68441065249 -1.33938024802 0.777561231202
-1.48087439284 0.609024919895 0.454558285504
-1.5331177407 0.578672137586 1.43449765686
0.83253842825 0.553967296406 1.56244131934
1.78949250927 2.40784479551 0.756511672786
-2.63891261956 -0.573066159097 1.44269649032
-2.44217539675 -3.74234879732 1.38086919044
0.984094826882 0.177643946433 1.28652501288
-0.538564972144 -4.95126206406 0.419129514991
0.281010552611 -0.95970467818 1.63388497096
2.99993910719 -0.019114212909 1.23758142855
0.889076560257 2.86522998553 0.260415501359
-0.761820540915 -1.3522118684 0.874287280101
-0.997262442737 -2.07394335876 0.339921173977
-2.83407174202 -1.01611110327 1.22368972147
-2.03509031021 -4.20417953654 0.609770043433
0.548711648662 -0.83601167852 1.07013422906
-1.35877422836 -4.6746462563 0.383682804129
0.228727207048 -0.973490557097 1.46829653765
-0.0347220623801 -4.99979905633 1.65557925997
-0.777440612259 -2.62895635334 1.73018848149
-1.89580125434 -4.32506722571 0.547781302931
-2.86393353701 -1.1067560828 1.58013503049
-2.3984915883 -3.80200946192 1.03190054439
-0.00366496724498 -4.99999776134 1.89252526723
0.390231269536 -0.920716870855 0.761322794715
1.93810217011 -2.28992575823 1.86720003599
-2.99953605486 -2.0527584648 0.564110566827
-1.73655621382 0.446297716189 0.246217468424
-2.70021161999 -0.692767347688 1.62041067431
-1.07489737523 -4.80082052847 0.809699723277
0.358248286822 0.933626351915 1.25365620229
0.99856033228 -0.0536401230078 1.98680201015
0.885672515112 0.464310452149 0.499719251056
-2.45708573943 -0.27874183543 0.499593823098
-2.23062656569 -4.00606707875 1.67705652388
-0.909472676407 -1.58423630405 0.14167146518
1.53147826792 2.57964616079 1.30929994264
2.30567642305 -1.91933744615 0.485395506433
-0.0411636689388 -4.99971757877 1.10453679669
0.934511538584 -2.85073467447 0.977710710982
-2.25114378515 -0.0169842011229 0.796893093277
1.84472870568 2.36579289086 0.274432923966
0.890641329254 -0.454706523623 0.395883837372
0.189975137111 2.99397886554 1.90450848179
2.06748560273 2.17382227482 1.53444563149
-2.99961704366 -2.04793319716 1.77826490739
0.99052731322 0.13731584674 1.08195900937
0.555867741903 -2.94805207782 0.889326936356
0.60822185672 -2.93769742707 0.241263029498
-1.70498466581 0.468405819424 0.336610572746
-1.27307445707 0.716483282988 1.94915151258
-0.444288920742 -4.96691883187 1.92842106008
-2.71500188947 -3.2762306767 1.08839291993
2.84549137877 0.950357203038 1.49514010976
-2.29258595278 -3.93495468917 0.918967464421
-1.3393375227 0.684431969762 0.246579457108
0.515936981086 2.95530185117 0.676341206829
-0.543471382848 -2.83942769553 1.03394040517
2.40292906762 1.79608794217 1.47474092361
0.879107084994 -0.476624310242 0.764486587726
1.95686929971 -2.27390908874 1.35849707005
0.234460096173 2.99082404419 1.96280068541
-0.113374747783 -2.99355229684 1.06010076597
2.97995906722 0.346184860611 0.128082861131
-2.6163890098 -0.532175572685 1.80237120367
0.690464994882 -0.723365807073 1.97864507721
-1.29715184571 -4.70506877716 1.42136500988
-1.07822565432 0.799540933503 1.97473466007
0.0248047066211 0.99969231593 1.72936277732
-0.0433117670247 -1.00093839487 0.123128417084
-0.926817734353 -4.85324532547 0.0910658397773
-1.5216230686 0.585471569581 1.92951928094
0.601419872343 0.79893312433 1.74181940376
-0.116786341767 -2.99315706229 1.35919968993
-0.0406393821138 -1.00082612093 1.06391881795
1.40188491052 2.65230441271 1.65271419417
1.88545489927 -2.3334651964 0.129432970562
-2.99994368393 -1.98161812689 1.62089083124
-0.983640753184 -1.81985875354 1.68602209277
1.97753327786 -2.25596146575 0.384345077756
2.99986563191 0.0283934937436 0.0149814178606
-0.679298454931 0.922080356378 1.07774443292
1.53936558211 -2.57494730133 1.81281706578
2.86901506255 -0.87678536191 0.638703677481
-0.0291198102909 0.999858669446 0.557510057325
-0.921317414056 -1.61118870572 1.09255086761
0.797104928394 0.603840817708 0.00739125411958
-2.99867356636 -1.91079886545 0.331145705131
1.86386846869 2.3507433572 1.37639817826
2.75754046061 -1.18151200083 0.903464533844
-0.985449545993 -2.16996820968 0.59266689537
-2.90431698725 -1.24837320593 0.140025267529
2.97926778709 -0.352084439878 1.10908022766
-0.833734242664 -1.44783407149 0.25715461914
0.157145640851 0.987575438922 1.75071231459
-0.69324441497 -4.91880321041 0.791027092633
2.66309281199 1.38128080951 1.03032261693
-2.95519643028 -2.51654047129 0.665869071194
1.64705182718 -2.5074330058 0.209453925337
0.269212910629 0.963080686522 1.26271826847
0.998548847154 -0.0538535035806 0.899168658632
1.88759916243 -2.33173098834 0.756846651829
-0.151690990242 -1.01157203425 0.150921052335
-2.41639489537 -3.77793017569 1.53975716808
0.379378722443 -0.925241473864 1.00765730662
2.51933064966 1.62879497719 0.613293390571
-2.96445778424 -2.46042376728 0.202398257749
-0.887679872015 0.865663002661 0.448303480113
0.832554582174 -2.88216114534 0.133524179634
2.95930859714 0.492435403796 1.80233961565
-2.2295432261 0.00727103375192 0.113774006172
-0.404010644708 -2.91475428338 1.54475448934
-2.95895126878 -1.50542200918 0.983801771852
2.65698903697 -1.39298573483 0.296056132148
1.64356285365 2.50972132838 0.1215057343
-2.58601868847 -0.479306953097 0.65887689508
-0.660482370514 -1.24915844665 1.92363209795
-0.139011337617 -2.99029078962 1.13837951833
2.15376427304 -2.08837244192 1.85929118388
-2.92813815159 -1.34730790936 0.0952565277971
-0.934869525611 -1.64500849294 1.76723535241
0.994542169322 0.104335389206 1.7573118225
-0.892473427947 0.864173734327 1.48654548349
0.136633365387 2.99688693872 1.38780019826
-2.72034125405 -0.735190345745 0.0741712647937
2.36164417107 -1.85003697511 1.42597147496
-0.257635515154 0.988916850856 0.86239951758
-0.383697187591 0.975361569328 0.541876274907
0.579662975966 0.814856327394 0.0113426328826
0.563306523042 0.826248002175 1.56151112293
0.985621114592 -0.168970466267 1.9261755797
-2.68867651673 -3.33079622347 1.4327773366
-0.519143694653 -4.95474022958 1.96204901548
-0.82158898697 -1.42991971049 0.452393036497
-1.98696900988 -4.24765525688 0.148116604684
2.67662797327 1.35486630067 0.780660747497
0.747248886425 2.9054464548 0.546477652168
-2.24147133401 -3.99394239104 0.978210777962
0.187498441223 0.98226490039 0.273255286053
-0.602163399831 -2.79837287022 1.79084147868
-2.99239702984 -1.78655207711 0.509802347432
-0.178852808735 0.994663866414 0.579300582619
1.50688548209 -2.59408869237 1.95890936431
2.77486487031 -1.14023021865 1.20732326218
2.6009004779 1.4950975567 1.78164838235
1.40378677989 2.65129830019 1.60987796962
0.729232718465 -0.684265768777 0.145452234928
-0.5340201413 -1.15452824489 0.912336532778
-0.642376735079 -1.23361097983 1.5570809626
-2.46789801208 -3.70571961411 0.877573545745
-2.52888830111 -3.61391572286 1.14916637001
2.12969150003 -2.11291602169 0.124239107943
2.20245379843 2.03695784586 1.62831889026
-0.992659447537 -2.12094304947 1.98458922354
-0.0145338901016 -1.00010562256 1.57347840556
-0.179749225958 0.994610194294 1.14489340582
-2.52693426282 -0.383026521129 0.567268043343
1.88992870127 2.32984323596 0.50085149551
0.977733490721 -0.20985047325 1.14073400375
0.500749172767 2.95791316065 1.58384551129
1.78476728502 2.41134936049 0.0328141521993
1.06919751981 2.80300136704 0.861916981425
-1.66640850073 -4.4946107329 0.689503880453
-0.0491213153457 -2.99879281955 1.6198694461
-2.93363858511 -1.37249330526 1.72446561671
-2.5466728008 -0.414295851777 0.0781178120725
0.752924458005 -2.90398084714 1.72467561559
1.94363264275 -2.28523350011 1.92209830851
-0.888948386602 -1.54199261364 0.566686278454
2.59840129594 -1.49943679601 1.52332608789
-2.99752460123 -1.8781547497 1.71027229958
-0.576301658951 -2.81723705122 0.470005522346
0.962422957487 0.27155487641 1.1980615215
-0.992260932176 -2.12417021574 1.62521688771
0.116351319486 -0.993208120413 1.59070161331
0.98958030088 0.143982040931 1.19478250132
2.69350378276 -1.3209986269 0.468952478076
-0.999943858669 -2.01059620262 1.4536664889
-0.339574745189 -2.94057907293 1.50092255829
-2.22628457361 0.0108846305281 0.241602537798
-0.965104132505 -1.73813359623 0.518959815528
2.78772078611 1.10842808459 1.35968421077
0.875439859301 0.48332706602 0.796989775905
0.520120988587 -0.854092592891 1.26186943725
2.807737502 1.05669774291 0.738386913528
-1.26458136596 0.720447383953 0.0178234031194
0.85608670028 -0.516832237388 0.248652309727
2.95545169976 -0.515077907095 0.125904474357
-0.00522059076737 -4.99999545757 0.746812562966
-0.510382720657 -4.95626613796 1.67140641894
0.536193204024 -0.844095283697 1.81423923257
-0.171689914536 -1.01484895917 1.35261064112
0.851338254305 0.524617171619 1.31472656778
-2.92157331093 -1.31852410984 0.978928407414
1.242020666 -2.73082124374 0.179769061608
0.534385496854 2.95202170398 0.690996136478
0.29797615164 -0.954573314656 0.621888797886
0.798616130115 -2.89174899961 0.153179530141
-1.32622701073 0.690933279738 0.172991728229
2.82026322598 1.02279779828 1.33348516888
0.568719771373 0.822531349949 1.32648416607
1.88044227523 2.33750654534 0.635869115388
2.9739947255 0.394151459077 0.0239332768778
2.98311883682 0.317808126691 1.82910345349
-1.17852918125 -4.75881658849 0.497856238924
1.9067279766 2.31611494172 1.59320544618
-0.184652291314 -1.01719608705 0.914247810713
0.904073177119 -0.42737769059 1.3302617071
2.67569984584 1.35669832129 1.77559114931
2.7498765632 1.19924096293 0.737692707318
0.345562290144 -2.98003132595 0.671988907842
2.67701581517 1.35409982105 1.56551237473
-1.43848872058 0.632631801216 1.51859656702
-1.17989975503 -4.75823069522 0.27039905755
-0.98790138314 -1.84491661214 1.6538082377
0.128295906493 -2.99725543796 1.86435278289
2.70291727613 -1.3016290556 0.419879196882
0.65289547385 -0.757448018168 1.52697091248
0.0674146657595 2.99924244816 0.677699962359
0.571360223303 -0.820699393948 0.00417857364383
-2.9575450037 -2.50291903038 0.826680484785
-0.866081819349 -2.49990227264 1.7964901994
-0.984968854988 -2.1727320315 1.08598783182
0.367367192609 -0.930075989258 0.292592008398
-0.930799937157 0.851948715701 1.90408664401
-2.52452482892 -0.379267329833 0.0557651760802
0.506352114118 -2.95695917059 1.28703231489
-2.72926040263 -0.754553230912 1.79620430967
0.0840397674174 2.99882265523 1.13090616082
-2.80366717622 -3.06745040399 0.841836022442
0.596624521338 -2.94007468962 1.01333510364
0.33122491667 -2.98165894337 1.81158232313
-0.617850755411 -2.78629539235 1.89033196128
-2.93842297972 -2.60470686474 0.477365755237
-0.227114215296 -2.97386812927 1.83269346472
-2.69142263048 -3.32523364889 1.43183909587
0.818487357486 0.574524538759 0.883361182936
0.618246631657 0.785984161701 0.634328794381
-2.59676806982 -0.497736510608 1.80934746989
0.986007767967 -0.166699374651 0.655894792403
0.915064050081 -0.403308547205 1.1007271892
-2.9993449681 -2.06268781663 1.54484526834
2.28469236341 1.94426870689 1.81435601245
0.390372640261 0.920656940307 1.1470665691
0.500212096312 -0.865902915287 1.38808504006
-0.34257389678 -1.0605091138 1.37359104148
0.992619762899 -0.121268323575 1.89726775015
2.8665764273 -0.884725712538 0.501256410445
1.44659503786 2.62818621799 0.932114105509
0.304977183574 -0.952359657639 0.46520574928
-2.99820934178 -2.10363755537 0.331130025623
2.54943600637 1.58125774289 1.20715092653
1.93238182049 2.29475499778 1.81807239044
2.4548194828 1.72448870883 0.919438642764
-2.71539019496 -0.724595715432 0.207304526849
-0.196009846073 0.993589841685 0.506124209306
0.99493899399 0.100480835181 1.14117100635
-1.48353159224 0.607514911719 0.432198786643
-0.788218973123 -1.38460512644 0.269761272718
-0.756466466201 -2.65403248047 1.01242601476
2.58756445948 1.51806131892 1.88706994004
0.589160880788 0.808015752662 0.949862939029
1.12592233933 2.78070115003 0.977488547207
0.129234496384 0.991614060481 1.71300297904
1.23740229257 2.73291704344 0.467506363255
0.829140009353 -0.559041004659 0.0226387743503
-0.259397344341 -2.9657706859 0.0933341254196
2.24602927866 1.98880679791 1.80694687299
0.46449288646 0.885576850662 0.227300663953
1.26335966052 2.72101495185 1.84270413424
0.302787648144 0.95305804657 0.347026050305
-1.09450182106 -4.7932178153 1.56111362003
2.07362391629 2.16796767821 1.96806521347
0.439628774777 0.898179570235 0.74755302054
-0.838813501093 -1.45558112598 0.774216246028
0.169715179987 -2.99519561259 1.23189296542
-1.79223158855 0.405806711483 0.451614747096
-0.0373602431427 -2.99930186242 1.71260132021
-0.897535639878 -2.44094191811 0.34619864319
-1.50699367627 0.594025840211 1.62191512052
-2.45279389669 -3.72736854793 1.72541255576
0.864719980282 -0.50225427395 0.510083314819
-0.679843657586 -2.73335707622 1.13504333005
0.160369076781 -0.987057120542 0.715433931917
-0.484616220987 -1.12527311785 0.63694555488
2.69848550625 -1.31079211645 0.436373172114
-2.63485093231 -0.565580059925 1.75712089319
0.826718310454 0.562616063723 1.87951222612
-0.639568846008 -4.93103252988 1.98875846784
-2.98242746934 -2.32423200049 1.92148574112
1.43339969678 2.6354060995 0.745504415426
0.986743088769 0.162290100641 0.80098672672
0.574519170826 0.818491125397 1.15497450889
2.9941198033 0.18774078798 1.67174142223
2.98895122089 -0.257236465465 1.02452847516
0.291731470243 0.956500260988 0.257870280873
0.0628668537247 0.998021922957 1.22613882402
0.380038067752 0.9249708466 1.0336245063
2.96492193739 0.457425300136 1.82295464405
-0.233299382842 -2.97240495575 1.38830296579
2.02602199736 2.2125177663 1.18125700213
-2.32419118638 -3.89687514854 0.210698198634
-0.812721566351 -2.58265225958 1.08238405349
2.4811072596 -1.68644797322 0.811277164515
1.83117477248 -2.37629942403 0.772119371155
-0.912969385286 -4.85770658073 1.74050905134
-0.54822936235 -2.83632802551 0.880115415855
-0.547426378377 0.949631224451 1.28635628334
-1.71304469047 0.46281909373 0.134296199585
-2.86880620659 -2.8774684889 1.24143675475
1.97699143522 -2.25643631975 1.95900878394
2.87007206239 -0.873319160835 0.0531922333067
-0.486682851699 -2.87357873249 1.89745572815
-0.62280914092 -1.21762619293 0.813173048301
0.444004822617 -0.89602439559 1.02430897177
1.35207467734 2.67803922057 1.77093366981
2.32321754572 -1.89806750018 0.939471593389
-1.54033451361 -4.5743678032 1.03687624539
-2.99997590567 -2.01202353632 1.57950783208
-0.545572834518 -4.949974624 0.709344773969
0.495866547589 -0.868398737322 0.0286786324351
0.383557035502 0.923517190158 0.354158769781
-2.99976096802 -1.96213002856 0.65657623854
0.580903880949 2.94322114037 1.7865879094
1.93367444223 -2.29366587616 1.94118078827
0.520896087975 0.853620094382 1.53670349653
-2.67768284797 -0.647219690528 1.38443342567
-0.577101578747 -2.81667237483 1.65363954481
-2.675181816 -0.642280496079 0.846377029974
1.12167048505 2.78241896971 0.254657392105
0.997339720708 0.0728936313975 0.843879857872
2.91402076386 -0.713079930867 1.75055433461
1.39727274814 -2.6547370618 0.0495443879448
0.549698986197 0.835362810146 0.21750585778
-0.516932923486 -2.85602590651 0.504380089566
0.880892003499 0.473317312351 1.0431740848
2.12191117408 -2.12072934843 1.72519177265
0.933828783575 -0.357720285931 0.785440664728
2.080746082 2.16113297653 0.853298329798
0.883670316634 -0.468109785734 1.31349937418
0.960120677066 -0.279585917867 1.67379656578
2.03208839463 2.20694738415 0.987809451283
-1.78088187315 -4.41422032008 1.42603708299
-2.94301967553 -1.41807630272 1.82613696078
0.6404088387 -0.768034191501 1.38303421045
-2.25766495081 -3.9755882592 1.31845935103
0.756258890675 0.654272489316 0.522808572536
2.93954764323 -0.59921586526 0.819663317898
-0.525715658121 -2.85066035925 0.152041169391
-2.34728963905 -3.86821608772 0.661897286145
0.520524626102 0.853846656971 0.892303227093
-0.423022809525 -2.90611903336 1.23784574073
-2.83783733035 -2.97297445315 1.72252750659
-2.99961776755 -1.95211212446 1.3997698565
1.70767106191 -2.46654810298 0.554630418852
2.65205133106 -1.40236362525 1.75088976421
-1.16613705718 -4.76407748876 0.0557697966338
-2.84233857855 -1.04025451035 0.0207748896033
-0.598088486523 0.939777230045 0.531465986719
0.159844098161 -0.987142271551 0.0195601017307
-0.00511645065044 -2.99998691088 1.33091835993
-0.0674798232669 -1.00227936102 1.70240547511
-2.84632569251 -2.94785550174 1.87533189518
0.193108270511 -2.99377841462 0.869933648469
2.36526978006 1.84539937887 0.399405285755
1.77372365402 2.41948432505 0.66540611203
0.80425906979 0.594278847563 0.587445948489
0.631244542284 -0.775583862543 0.697160142898
-2.94021346488 -2.59594024949 0.727437333907
-1.51931082641 0.586830998106 0.658883409349
0.45113465626 -2.96588562185 0.584693081488
0.273219505767 -0.961951714832 1.19084728011
-1.3901730228 0.658461767016 1.75608722631
0.934903184168 -0.354902854642 1.48695056272
-2.59888769721 -0.501406413571 1.18547492725
2.96892358736 0.430688672277 0.918938590987
-2.6674550236 -0.627162173791 1.45302095603
-0.998153637911 -2.06073973267 0.0328798437145
2.14620487334 -2.09614041554 0.42171636354
-2.98373225006 -1.68800342955 1.52045078107
-0.0105723842269 -2.99994411078 0.467587102359
0.654220933905 -0.756303490433 0.768834215658
-0.924676109069 -2.38075463663 0.822617241993
0.379419210008 -0.925224871627 1.9835965861
0.96904944304 2.83918001841 0.130448129531
-2.58472931663 -3.52288356736 1.33754186914
0.0586942970304 2.99942577496 0.255009583761
1.95447430638 2.27596796676 0.495143462525
-0.884544926847 -1.53354499425 1.84053590542
0.93656107081 0.350504437408 0.362527121583
0.204442357348 -0.978878604589 0.450619930463
2.9267740158 -0.658782103929 1.3355217958
-0.477200983008 -2.87879418627 0.790440041911
0.96053697611 0.278152327917 0.558712004819
0.0667778868743 -0.997767865701 0.145655574414
2.91113724147 0.724762003211 1.29509641127
-0.926781102448 0.853257224322 0.766335585796
2.13037200127 2.11222989663 0.863909923993
-2.95385302707 -2.52416819292 1.1147576008
-0.516694624576 -2.85616976409 0.955424712377
2.79252705709 -1.09626303205 0.672494151429
0.996926377432 -0.0783440998396 0.147829967591
-2.67698901208 -3.35415280866 0.0760388279202
0.6428784785 0.765968185946 1.87410433347
0.901415088268 2.86137219506 1.13668016486
-0.664887025689 -4.92539317752 1.07029135011
0.465054766186 2.96373481682 0.707132799168
2.6955594392 -1.31679888736 0.976596858916
0.435327738817 0.90027204767 0.871037665309
-0.86058055063 -1.4906856414 0.0905934063339
-2.57417179237 -0.459337939929 0.681847912782
-2.62514652229 -0.547896099964 0.682217767249
-0.11447487808 -1.00657385665 0.269575598576
-2.66104946247 -3.38521325371 1.69028899303
0.462520652589 -2.96413134762 1.80544463026
-2.9577083784 -1.49804268273 0.848302660638
-2.94466900899 -1.42648066509 1.61608385125
-2.99413419919 -1.81248894097 1.46999293461
0.358979796803 -0.933345330244 0.458287373616
-0.342659401804 0.980366510071 0.943632394034
-0.496453736132 -1.13193681804 0.653237475455
-2.03776557538 -4.20170648812 1.42096266887
2.85523436917 0.920671872657 0.0580374743388
0.345452833752 -0.938436113783 0.602987265972
0.985545887952 0.169408685556 0.440059124933
0.781792131922 -0.623539142689 0.700767150277
-1.62813779463 -4.5197554091 0.317271018631
-2.71247370473 -0.718404743628 1.95727921135
-0.972881537962 0.837869185338 0.922116763513
-0.992186533175 -1.87523669054 1.95394764147
-0.0325621638765 -1.00053028786 1.75673525742
2.97542832975 -0.383179141585 1.71225639355
-0.773750862517 -2.63349001788 1.3652769528
0.161536715552 0.98686670302 1.703025633
2.18941544069 2.05096563308 0.995063924716
-2.15279360693 0.0893730365768 1.55649541567
0.929814849215 0.368027643227 0.756031262265
-0.400783398455 -1.08382716285 0.168879967721
-0.818592334018 -2.57437495653 1.03675577182
0.0632479667025 -2.99933320835 1.89659143941
-2.99772613431 -2.11678194935 0.0114251476354
2.15399763697 -2.08813174391 1.55578383287
2.78681279283 -1.11070898876 0.344804710119
0.703742530998 -0.710455100668 0.818454589238
-0.598762679784 0.939639987022 1.41210505171
0.126504876265 0.991965985446 0.9429077561
0.311725547178 0.950172186099 0.398363163973
2.45621338328 -1.72250277671 0.827325897806
0.432706955227 -0.901534631003 0.229899252164
0.957271893154 0.289189423348 1.88395877226
2.90942137785 -0.731619604782 1.73064450392
2.95044825851 0.543005592846 1.70779622719
0.816955640909 -0.576700512212 1.49474179331
-0.765502180531 -2.64343330004 0.802684752079
2.96145370123 -0.479366222719 0.313593676188
-0.992976365606 -1.88168712096 0.0806399964969
-0.380718219924 0.975744215657 1.83900218022
-2.31326560634 -0.0898161778231 0.929292728144
-0.99103752541 -1.86641623141 0.100891032498
-0.848900600688 -4.87738905436 0.866558838466
0.927140771954 0.374713208975 1.50967159004
1.61057771044 -2.53101549553 0.799134742376
0.627583979585 0.77854887359 1.74219059082
0.999413649147 -0.0342397123137 1.10809210914
0.689019067122 -0.724743213243 1.33081464978
-2.63543811339 -3.43334083543 1.78527567406
-1.84043699226 0.369133106752 1.86321408548
0.982081066019 0.188458960433 1.38985790149
-0.733821247517 -1.32065739373 0.113604768546
2.92420642984 -0.670087125459 1.73247489266
-0.99857124229 -2.05343663604 1.97269639048
-2.91408559546 -1.28718505744 1.75552009473
0.148886503927 -0.98885429106 1.56422703875
-0.0341873922734 -4.99980519738 1.42387480516
-1.78598093521 -4.41045060083 0.482076562252
-2.9373697802 -2.60980224202 0.229212681193
0.748939031704 0.662638911316 1.22318386867
0.933031624199 0.35979436939 1.39269826906
0.206575024067 0.978430763739 0.0586111096319
0.343513867548 -0.939147604374 1.90490862645
0.856963748195 0.515376691634 1.63763427058
-2.77926606138 -3.12946011885 1.06902421806
-2.74345564329 -0.786142045658 1.9127784145
-0.953785882082 -1.69951291019 0.853633593986
0.687909819462 -2.92006508152 1.03344589481
-0.82715747877 -2.56197019967 0.832758016807
0.992795166177 -0.119823862467 1.04354384745
-0.430837515187 -2.9024295183 0.198193674591
-2.9583312055 -2.49827349775 1.68838865193
-0.759335103053 -2.65069977814 0.292372770487
0.376231501128 -0.926525691797 1.27976000564
-0.986208285124 -4.83326546909 1.71787612924
-2.6226832701 -0.543451866653 0.862264153969
0.470096075847 -2.9629393648 0.00982053816672
-0.409354901655 0.971940202038 0.143072803581
-0.762426679398 -1.3529253841 1.73382029419
2.55833916583 -1.5668122774 0.552286180884
0.770555867937 0.637372461272 1.07673072141
-2.98837576045 -2.26383766669 0.0864904785026
0.422470854315 0.906376509655 1.54943669862
0.81648700449 -0.577363812079 0.964847797206
-0.589228011718 0.941565969039 1.59264649863
0.0143305740441 2.99996577225 1.71123599487
0.942826348395 -0.333284378229 1.61731286399
0.97639148846 -0.21600847498 1.84329248934
-0.595449230862 -1.1966070616 1.77016062971
0.0136467313709 -2.99996896096 0.711025250964
2.41931889106 1.77394929561 0.443971900151
-0.989502278009 -2.14451727168 1.34473916748
0.241338117177 -2.99027689574 1.90334178989
2.4387364287 1.74715901718 0.365443065511
-0.411882700491 -2.91123687427 1.1290269606
2.64000572607 1.42491044151 0.156133027395
0.968144060312 -0.250393846736 1.2178948518
-2.93078395156 -2.64070697616 1.2214521753
-2.99949032831 -2.0552971101 1.5309020927
0.168597213298 0.985685030661 0.579039395459
2.93738335239 -0.609736862185 1.26032967653
-0.999184997182 -1.95963489865 0.8858671594
-2.85608920118 -1.08198340162 0.473987576869
-1.49140923875 0.603017188296 0.532142371684
0.145007064944 -0.989430619658 1.33534954648
-1.7495963598 0.436988423807 1.49656948507
2.74341023085 1.21396058638 1.0207413665
2.98494713926 -0.300150921731 0.81482937649
1.11342429839 -2.78572904852 0.319530571853
2.82892754541 -0.998583468125 0.660087228568
0.847139141114 2.87790814231 0.852766574167
0.759277508546 0.650766982119 1.37773937101
2.81160175732 -1.04637257143 1.27159039707
-0.832190476086 -1.44551013399 1.83562427354
1.88628376447 -2.3327952246 0.574843824495
2.80872603025 1.05406740155 1.86661957565
-0.484056175422 -2.87503692438 0.204680430647
2.39242884217 1.81005089298 0.548203461744
0.214413273891 0.976743030679 1.87769058598
0.548532025754 2.94942581136 0.834298379173
-0.440068887398 -2.89796401617 0.872072975435
-2.8356834778 -2.97923399335 1.52397072037
0.188851248135 0.982005705726 0.793122423279
-1.61826449458 -4.52610768289 1.37870762352
-2.83735998282 -2.97436560277 1.7109523857
-2.73812409801 -0.774162970095 0.723133799188
2.69902468859 -1.30968153777 1.23471071446
2.94963884664 0.547385307052 1.48723364168
2.98140741289 0.333481391345 1.79060800299
-2.69467000532 -3.31861805024 1.76746895888
0.997743917926 -0.0671347469017 0.685443473939
2.98507833096 0.298843367011 1.1755525771
0.63710998184 0.770772904972 1.26092860563
0.603573805954 -0.797307130763 0.524811896258
0.504959534078 -0.863143017665 1.14596700734
-0.699792770766 -1.28565409081 1.74880882844
-1.39554580206 0.655645291517 1.18481235066
-2.23819034114 -3.99762458856 1.55509594287
2.98948379608 -0.250971378781 1.69203498537
0.646463023054 -0.762945319026 0.0336190858066
-0.432130030214 -1.09818869103 1.10099277248
0.112178534462 2.99790192908 0.835733180611
-2.95271586859 -2.53053652032 1.49270668453
0.993633645835 -0.112659566241 0.201763689699
0.84175468995 0.53986020593 0.733430287503
2.33317347888 1.88581587581 1.53554128481
1.88251657534 -2.33583632637 0.146690803623
-0.574680679638 -1.18162226542 1.00991645091
-2.89016499957 -1.19567029443 0.409629672742
-1.77421850044 0.419121475391 0.964330125412
2.56308473876 1.55903708165 1.99160886639
2.91032702894 -0.72800864322 1.31301227223
0.231200432255 0.972906141478 1.32565603132
0.577281331319 -2.94393380777 1.49837327361
-1.44393956622 0.629646084383 0.660960406114
0.344929034257 0.938628766513 1.47340740679
-2.99259910226 -1.78940414731 1.1765621893
2.63987334575 -1.42515568216 0.386733741091
-2.94676054851 -1.43732578719 1.47422059808
2.71147637686 1.28370396032 0.15745838985
-1.83924672867 0.370057271687 1.07389735293
-0.53044303671 -2.8477205818 1.77460391102
0.942354339551 0.334616644431 0.861109325253
-0.0663528953513 0.999266125785 1.96726028923
-0.922045122565 -2.38708240977 1.3778263901
0.991351831604 0.131230888041 1.97386122198
-0.113980229938 -1.00651698194 1.67345029982
-0.996512561466 -2.0834428837 1.79015502355
-0.931544108765 -2.36362834519 1.20582194401
1.80432772638 -2.3967481002 0.509083374063
-2.80050061507 -3.07573059127 1.00294576755
1.19932725549 2.74983892878 1.13589830762
-0.0480543568155 0.999615105108 0.234731168216
-0.194238090952 0.993705323512 1.9210070118
0.0165496288454 -0.999863045514 0.297994781619
-0.731644099741 0.9094152181 0.274558255884
-0.70465318202 -2.70955189597 0.66591345088
2.6469173738 1.41202989214 1.38859346699
-0.338869260889 -2.94083347306 0.699204205655
2.18079381795 -2.06013065692 1.81056509521
2.36933699848 1.84017449923 1.71167269422
-0.777144963604 -2.62932162329 0.640359155206
-0.934749249498 -2.35530809245 1.80303621575
-0.529918328185 -1.15195131894 0.68128879142
-0.715927621173 -2.6981745063 1.36728885797
-1.38302593637 0.662186931704 1.67750139125
1.07330085847 -2.80143271688 0.131015956969
-0.641588030273 -1.23295058868 1.32834369737
1.98087014159 -2.25303206417 0.319802066063
0.61729532434 -0.78673151872 0.655590131028
1.81683346029 2.38728217385 0.918861505676
0.463085889642 -0.88631340891 0.484612070629
-1.17549446216 -4.76011100672 1.25258145393
-2.91455914239 -1.28912377623 1.30880022935
-2.27802769739 -3.95207320813 1.42216200837
-2.86151041217 -2.90097622668 1.476721212
-2.64602340013 -0.58629558749 0.550650722366
-0.507799829159 -1.13852490837 0.530816407778
0.694984493905 2.91838937656 0.405997436113
-2.91614583353 -2.70433903596 1.65355781789
1.20043798562 -2.74935422285 0.429217377653
2.59210391223 1.51029709269 1.3844476616
-1.87123822998 -4.34488112421 1.21241694219
-0.0455159791903 -4.99965469607 1.44648056145
-1.93165462495 -4.29536716233 0.139958779167
-0.628880036661 0.933344490422 0.106111911376
1.92961586335 -2.29708132636 0.600450109657
2.67481783078 -1.35843644391 0.722141919385
-0.479779319429 -2.87738919793 1.5205329324
2.98697598419 -0.279239090926 1.03254405252
1.32630306791 2.69089579361 1.81139633053
2.03329524135 2.20583554724 0.519668916969
-0.90327262739 -2.42906708171 1.96265233162
-1.82586997144 0.380377879119 0.810100209115
2.14665237289 -2.09568212999 0.846796294845
-2.06463609371 -4.17652884212 1.08509130567
-2.999943619 -1.98160753421 1.05721587434
2.96821183011 0.435566908292 1.78909889213
1.36495935993 -2.67149507687 0.76984179488
-0.38563593188 -2.92265103265 1.11491046689
0.840258743189 -0.542185618119 0.169372233901
-0.696891414131 -1.2828233433 0.329211431493
0.195809851651 -0.980641882644 0.929971111452
-2.93387316149 -1.37359097047 0.653463712343
2.87156227619 -0.868406640892 1.8461190706
2.52256339177 -1.62378383244 0.263160475259
2.53908127333 1.59783174565 1.29881757735
2.7795101899 1.1288592048 0.297560391
2.32154009836 -1.90011883094 1.06463060944
-0.0222687422845 -2.99975202081 1.76079876467
2.34434758106 1.87190662672 0.453556330883
-2.50219566228 -0.345002456902 0.553127543047
-1.6615930497 0.497820757621 1.02863991149
0.339328706614 2.98074756208 0.629153203504
0.273202593469 -0.961956518207 1.61198647191
2.98576790046 -0.291873336501 1.91354218459
-2.97818175342 -1.63884429451 0.399962171006
-2.68908866652 -3.32996321136 0.506613356669
2.30291996762 -1.92264391471 0.484666569552
-1.13168566651 0.778360587148 1.34243164212
-1.29058520692 -4.70820786198 1.23726242937
2.62849743195 1.44602947765 1.43204203748
-0.500690429864 -4.95792310472 1.23383156117
0.980742042036 0.195307570214 0.943097502336
-0.506310059195 -4.9569663718 1.20935516744
0.328236179574 0.944595686216 0.721321838868
0.0500877213484 0.99874482235 0.997027719368
0.936194007139 0.35148368525 1.14500192591
-0.97361050156 -1.77178389353 0.642122104335
1.73837848664 -2.44500311599 1.04733072408
-1.3334435717 0.68736455307 1.00604036409
-0.353233870844 -2.93553505145 0.656570863676
-2.54690140223 -3.58533695071 0.362136603784
-2.99807863564 -2.10735219848 0.443845849234
-2.99876190826 -1.91381985388 1.93725649607
-2.39189899606 -3.81075100239 0.690971584772
0.864730623867 -0.502235948681 0.960013605912
0.782735104419 -0.622355008263 1.07052867066
1.05410708873 -2.808711136 0.462982589321
0.477925615128 -2.96168653075 1.38342889099
-0.418746371126 -1.09189676982 1.42422903004
0.881986128034 -2.86742052548 0.726558610375
-0.0397585912084 -1.00079068538 0.780856437638
2.81456690874 1.03837041379 1.69833490508
0.654629464971 0.755949908124 1.66928857658
2.97166796102 0.411326548403 0.362018639973
2.99708958162 -0.132113737901 1.97164229166
2.75225287384 -1.19377724825 1.22909376805
0.83293020315 0.553378059451 0.238021785821
0.457844853009 -0.889032108854 0.999892930222
-1.99954611962 -4.23647385755 0.592733377285
-0.871009229414 -2.49126665089 1.24570759607
1.63809428206 2.51329407812 0.00134254884831
0.68382327711 -0.729647672293 0.714988118014
2.83852652472 0.970961980968 1.21988324426
0.473510850543 2.96239556346 0.459731821889
-0.79983979363 -2.6002135491 0.164511175966
-2.0560066058 -4.18468231945 0.442195238356
-2.96734406041 -1.55856005262 0.532802588189
-0.885230567827 -4.86642056262 0.207778348392
0.858499790107 0.512813913994 0.822438950015
2.98277327451 -0.321035189441 0.122884503031
-2.23693884712 -0.000974088646005 0.918515252005
0.762381777643 -0.647127518437 0.551478339947
2.98012843529 0.344723815823 1.5681467094
-2.96614508909 -1.55057446615 0.209912840183
0.195830671839 0.98063772514 1.45696223334
-2.01650333464 -4.22119659225 1.33719926472
0.913082384676 -0.407775132634 1.64530942678
-0.913692318231 -1.5935933716 0.0724046414355
0.907028871068 0.421068435113 1.46107423035
2.32198375177 1.89957665192 1.14515275286
0.945505811174 0.32560522268 1.00327815031
0.748843433651 -2.90503588823 0.145355189836
1.9555522424 2.27504185176 1.23373942434
2.60219671546 1.49284033106 1.63613602319
-2.9663709829 -2.44793212855 0.243182644369
-2.77691307444 -3.13523291751 0.844952671952
2.6247160366 -1.45288186966 0.731921899995
-1.15212605129 0.769946851826 0.679458644187
-1.0384607602 -4.81453357584 1.21624042775
0.710053013503 0.704148221623 0.490643492248
1.89676180032 -2.32428369027 1.46242812778
-0.979478475388 -2.20154879373 1.36048130378
-2.42919092153 -3.76040661973 1.53968980429
2.56853628746 1.55003914144 1.79651336781
-0.735102249194 -4.90854339545 1.64098877623
0.571919926726 0.820309452227 0.742922111806
-2.16120649277 0.0806697228606 1.01540604707
-2.92195085027 -1.32014470024 0.534396323758
-1.30898236331 -4.6993638459 1.29404630362
0.881616391812 0.471966670103 0.620763613857
-2.77982289856 -0.871911061725 0.0585364022816
1.6527464618 2.50368311353 1.3195361204
0.614430705995 2.93640509936 1.41483872903
-2.45666304908 -3.72186139491 1.37031874341
-0.597398174294 -2.8019447745 1.3179729781
-0.944654999753 -2.32806543774 0.0626766833431
-0.570116569664 0.945329709386 1.90902257826
-1.13721474163 0.776102057099 0.481599387608
2.79090530987 -1.10038518317 1.70940810314
0.065389283647 2.99928728894 1.86852230432
-1.66371810629 -4.49640582895 1.50538158937
2.68243195987 -1.34333866938 0.725244649585
0.890837929383 -0.4543212339 1.5379134655
-2.95018899425 -1.45558756606 0.740324295055
-0.398090166529 -1.08265370807 0.588952318422
2.7625131891 1.16983797171 1.24423066548
