 8.416637 0.153624
 2.368449 -0.291048
 -12.529225 0.930815
 1.495717 -0.598664
 0.733445 -0.678728
 -2.526896 -0.819671
 -6.788565 -0.016182
 -2.051391 -0.342609
 11.987500 0.887342
 2.851055 -0.690872
 -1.875678 -0.915858
 -4.975655 -0.644647
 -7.615860 -0.148828
 -2.914655 -0.751799
 5.522941 -0.360958
 -4.185028 -1.086781
 -10.289068 0.725021
 5.425678 -0.323735
 -8.051270 0.350425
 3.898870 -2.287118
 -2.693964 -0.064656
 -5.021049 -0.214625
 9.699213 0.581262
 -1.515573 0.016295
 -0.177800 -0.354005
 1.756897 -0.097697
 -1.970474 -0.025566
 -7.574131 -0.930109
 -2.442018 0.002685
 9.949380 0.601380
 0.396825 -0.025900
 12.909199 0.957172
 7.527024 -0.059820
 12.686380 0.886605
 12.594046 0.904061
 -4.708520 -0.030759
 2.412893 -0.109715
 -3.105771 0.023170
 13.078482 0.969188
 -11.562143 0.754711
 -2.634192 -0.918162
 -11.838733 0.828347
 -2.663294 -0.011654
 11.287355 0.812957
 6.889526 -0.171315
 -2.469877 -0.393396
 -8.188251 0.347636
 6.370438 -3.706013
 -7.467388 -0.856405
 7.017158 0.146271
 11.542928 0.767086
 7.519436 -0.004085
 2.123326 -0.622769
 1.303782 -0.545979
 1.290377 -0.225543
 -12.846118 0.945887
 -4.435267 -1.023840
 -12.206963 0.897016
 -1.396189 -0.033162
 -10.945934 0.666226
 -10.531088 0.711881
 -4.821841 -0.005106
 2.037538 -0.623858
 -1.006545 -0.343236
 8.660639 0.130887
 -6.996270 0.057044
 2.659163 -0.116567
 2.777975 -0.760564
 -7.159854 -0.413124
 -0.425243 -0.267808
 -0.417672 -0.352710
 -0.765378 -0.461623
 -0.986661 -0.350109
 -9.901941 0.390588
 -2.570151 -0.647234
 3.168094 -0.044904
 2.145170 -0.475123
 12.406190 0.876190
 -2.015528 -0.371716
 -6.915965 0.212667
 -1.991698 -0.053831
 1.347821 -0.068567
 0.136840 -0.352052
 -3.444800 -0.068894
 1.195148 -0.095310
 0.462377 -0.352114
 2.701272 -0.369436
 10.566788 0.376781
 -6.633081 -0.783129
 -0.809878 -0.152829
 -7.491766 -1.104131
 2.991932 -0.296415
 -11.085645 0.803546
 3.078629 -0.370487
 0.875582 -0.369307
 3.025316 -1.167891
 0.393903 -0.935699
 -11.769466 0.836583
 -2.756294 -0.540283
 -2.674168 -0.019404
 5.824114 -0.410577
 -2.689004 -0.006176
 -12.199256 0.893934
 -1.963489 -0.113223
 -0.046133 -0.742592
 -12.654753 0.980142
 0.665632 -0.085756
 -11.546076 0.793595
 -10.907158 0.789029
 1.099686 -0.285756
 0.936385 -0.344602
 8.083597 0.349530
 -9.542233 0.561632
 -2.112671 -0.892605
 10.337658 0.507219
 -4.698237 -1.399093
 0.387527 -0.547394
 -0.782113 -0.953834
 9.197379 0.337918
 -3.906794 -0.065083
 5.586771 0.089983
 -10.865229 0.746474
 -2.116402 -0.346019
 -2.559921 -0.314896
 0.754557 -0.675697
 -10.481907 0.704544
 11.547786 0.820882
 9.886938 0.604573
 1.506799 -0.090974
 -0.346889 -0.796148
 -3.920105 0.056044
 11.475270 0.813591
 10.473432 0.625170
 7.210169 -0.047239
 -4.737797 -0.729120
 0.047203 -0.932237
 -1.416462 0.031178
 -0.919418 0.008540
 -1.827473 -0.346797
 -8.857329 0.341043
 -7.602676 0.312312
 -12.646557 0.981046
 -10.730487 0.609875
 10.799609 0.633388
 10.158633 0.475364
 -3.032419 -0.268006
 -7.804327 0.131742
 -2.406062 -0.007376
 9.963780 0.309321
 -3.224814 -0.030874
 4.674937 0.003562
 4.780203 -0.005688
 -1.603476 -0.025562
 11.529631 0.750449
 9.797848 0.626476
 11.500666 0.835829
 -1.357211 -0.515186
 11.876465 0.833986
 -0.454862 -0.042813
 2.050865 -0.387346
 11.108257 0.672597
 5.979740 0.033707
 3.890394 -2.209303
 -0.212014 -0.088455
 3.100931 -0.059908
 -9.003890 0.440721
 6.694841 -0.153997
 -7.576262 -1.386373
 1.914117 -0.357758
 3.092706 -0.682516
 0.201003 -0.959169
 -0.834335 0.005834
 11.640065 0.759685
 8.945168 0.485394
 -0.138650 -0.432728
 -2.214886 -0.335761
 10.991618 0.715154
 1.384879 -0.355745
 -9.601504 0.532273
 6.638852 -0.459722
 -2.612483 -0.002683
 -2.841436 -0.894048
 12.466608 0.938064
 0.172107 -0.086950
 12.958137 0.935986
 -11.274633 0.819177
 1.525797 -0.174960
 -2.839692 0.006461
 -4.590301 0.116261
 0.102863 -0.087406
 10.960952 0.779291
 -2.879293 -0.766775
 -6.885019 0.165334
 -8.942847 0.578481
 6.372397 -0.037173
 -1.003620 -0.024147
 -9.175901 0.618383
 12.048654 0.829188
 -12.262453 0.903656
 11.980869 0.869482
 -7.285769 -0.803800
 1.539453 -0.534163
 -11.129045 0.807366
 -1.060144 -0.794031
 12.252797 0.822702
 -4.613408 0.072576
 -11.487968 0.819717
 -0.968302 -0.309893
 2.367299 -0.612922
 1.213871 -0.082759
 -2.095033 -0.487965
 -9.766509 0.608894
 -1.777647 -0.909947
 -12.996075 0.954514
 11.209659 0.797846
 -0.592433 -0.348519
 -6.330579 0.051059
 -0.452390 -0.305733
 6.111426 0.118890
 -12.909216 1.005855
 3.618147 -1.847702
 4.851115 -0.152281
 -0.194650 -0.266219
 -10.556646 0.647881
 1.393629 -0.569506
 -10.949308 0.725419
 -1.714603 -0.136618
 8.802436 0.448358
 -2.400036 -0.002071
 -1.506676 -0.073115
 -10.114949 0.693141
 -8.267148 0.492511
 3.009723 -0.937578
 12.550190 0.924613
 1.523853 -0.583462
 4.841953 -0.034739
 -6.523877 0.226793
 -9.493054 0.635151
 10.695677 0.654318
 -0.108098 -0.302715
 11.389437 0.811124
 1.460190 -0.311606
 -1.182406 -0.104726
 2.087706 -0.614366
 -10.371190 0.722062
 12.108116 0.892947
 -8.798164 0.433612
 0.063167 -0.084103
 4.629510 -0.002819
 -11.447794 0.834956
 -7.186236 0.131468
 -0.825464 -0.671490
 10.089928 0.641056
 -0.027659 -0.768101
 6.649859 0.238159
 -4.558845 0.001807
 -4.613732 -0.411800
 -2.032382 -0.595150
 11.131085 0.787973
 -7.149271 -0.344530
 -10.162191 0.673149
 -1.623272 -0.260765
 -12.600136 0.924951
 -0.166560 -0.633834
 8.195774 0.435546
 12.250593 0.870758
 0.997337 -0.040444
 1.759251 -0.308153
 -7.235272 0.212846
 -10.847683 0.721007
 -0.457513 -0.090629
 -11.649905 0.796148
 -0.125696 -0.446454
 -12.961897 0.972003
 2.375014 -0.762213
 -11.041200 0.745835
 -7.578416 0.027977
 -10.171297 0.703909
 -13.036492 0.961661
 -0.278646 0.014181
 5.872549 -0.963862
 -8.156583 0.474333
 -4.831371 -0.584432
 -7.362489 -0.332829
 -11.860783 0.873862
 -2.630908 -0.189064
 -1.396003 -0.967383
 -1.931848 -0.050481
 -6.203727 0.157077
 -10.512482 0.682136
 1.222150 -0.555058
 11.353007 0.812719
 6.057473 -0.086443
 -12.972809 1.008444
 4.237156 -0.029726
 -5.767261 0.197694
 11.265314 0.710240
 -0.963895 -0.332532
 12.921337 0.920094
 10.676328 0.692439
 -8.421598 0.291046
 -1.584507 -0.042454
 3.835506 -0.022931
 4.046686 -0.516321
 -4.793580 -0.324787
 -4.307533 -1.186691
 -12.634675 0.923182
 -9.553955 0.627967
 9.220763 0.515038
 -10.371903 0.715109
 -4.448210 -0.351487
 12.500587 0.935026
 2.703067 -0.203905
 10.165045 0.635091
 -0.948818 0.013897
 5.544255 -0.028960
 12.900434 0.908030
 3.154151 -0.265934
 8.568200 0.208761
 -7.451355 -0.722148
 -0.641747 -1.066770
 -11.616864 0.857286
 -4.109437 -1.158609
 -2.990015 -0.756724
 0.149726 -0.300228
 -12.164256 0.804404
 -4.574109 -1.311582
 -2.377017 -0.847751
 3.150836 -0.370995
 0.156761 -0.123864
 11.646139 0.778672
 5.505536 -0.414702
 -8.296194 0.335321
 1.506911 -0.640376
 5.632579 -0.284169
 8.225992 0.114327
 -3.725293 0.069307
 6.160787 -2.551437
 7.160337 0.293067
 -3.039939 0.008988
 1.328638 -0.331731
 -2.172343 -0.448396
 -8.025614 0.370374
 10.990855 0.750613
 6.840482 0.089997
 1.858079 -0.165644
 -7.409810 0.169383
 7.858067 0.360907
 1.104837 -0.406905
 -2.864033 -0.810390
 -12.257200 0.911846
 9.715185 0.612755
 -8.631610 0.537752
 5.214636 -0.347577
 -2.725563 -0.190268
 -1.389376 0.001063
 5.378677 0.021923
 0.258794 -0.304174
 -10.202759 0.661851
 -0.266766 -0.076123
 10.191466 0.559918
 -8.577364 0.317350
 -3.927540 0.092271
 4.303186 -0.479269
 8.699411 0.395593
 -6.626669 -1.033570
 2.850736 -0.594449
 -7.575385 0.307979
 6.736922 -0.141229
 11.536050 0.724095
 -6.436099 0.253801
 0.855583 -0.950446
 3.131340 -0.311056
 6.017712 -0.749244
 -7.501432 0.171173
 1.323742 -0.730165
 -1.542364 -0.799176
 -3.967768 -0.223410
 12.885905 0.964898
 -6.900100 0.004436
 6.164019 0.059395
 -3.265544 0.004774
 -3.397458 0.036723
 -2.470211 -0.409765
 -2.408035 -0.664141
 -1.273289 -0.925746
 -9.679071 0.604226
 -12.580999 0.915555
 1.090866 -0.204020
 -10.841834 0.653472
 9.839443 0.550012
 12.280249 0.901405
 -10.423113 0.730373
 -2.830213 -0.174915
 2.594776 -0.892628
 -7.891321 0.428255
 -3.188841 0.016719
 6.248972 -3.036955
 6.991326 0.223507
 9.905980 0.517097
 11.614363 0.782228
 -0.722145 -0.296400
 0.692449 -0.036190
 0.812439 -0.549764
 -10.201691 0.656915
 -9.917152 0.687784
 5.822418 -0.477236
 10.503551 0.650100
 1.801423 -0.927606
 0.125433 -0.542358
 -3.180602 -0.108616
 -6.294524 0.249494
 11.176092 0.740637
 -1.237061 -0.083877
 12.592041 0.926040
 11.425182 0.672134
 11.888429 0.880053
 -11.323510 0.803053
 3.172042 -0.955259
 -7.881892 0.008311
 -6.605770 -0.148323
 3.838503 -2.218030
 5.911684 -1.086541
 1.243587 -0.214220
 6.598915 0.136148
 -8.246568 0.254010
 2.663483 -0.350889
 -1.718536 -0.114478
 1.812548 -0.605714
 0.002713 -0.602024
 -1.591081 -0.121580
 6.780682 0.038358
 1.728337 -0.533185
 2.916811 -0.510204
 -6.517193 -0.908295
 1.438121 -0.245386
 9.372405 0.566308
 -1.945416 0.010922
 -0.427071 -0.349694
 9.605394 0.445232
 -4.506486 -1.064463
 -0.930224 -0.338230
 7.671526 -0.019895
 -12.962000 0.968573
 -12.487339 0.924081
 -0.439530 -0.820674
 0.282000 -0.365275
 -1.992966 -0.286604
 -7.385952 0.287305
 4.743827 -0.432119
 12.477346 0.932228
 -0.192952 -0.087181
 4.264564 -0.475968
 -4.466278 -0.562836
 9.279506 0.564719
 -2.403383 -0.293359
 11.092972 0.764325
 8.584312 0.103664
 8.527335 0.384985
 -11.878178 0.849773
 10.896072 0.705436
 0.316246 -0.036252
 -1.015063 -0.364980
 9.748499 0.492581
 9.760237 0.474925
 3.600436 -0.222077
 9.661384 0.566012
 -4.521877 -0.554687
 -11.864386 0.800611
 1.529698 -0.606547
 3.284322 -1.517251
 6.805429 0.002660
 -0.592868 -0.554718
 12.932430 0.983147
 -0.501141 -0.337753
 -8.658213 0.505321
 2.207793 -0.783005
 1.884145 -0.177805
 -0.270225 -0.443586
 -3.951033 -1.064785
 -6.605253 -0.218752
 3.766155 -0.458100
 -7.533549 -0.466003
 12.946592 0.996318
 -9.227260 0.618712
 3.896494 -0.101303
 3.496458 -1.494675
 2.558279 -1.062274
 -8.750649 0.458902
 2.964256 -1.234207
 -9.673011 0.603444
 -2.056149 0.027459
 -2.342336 -0.041771
 -7.455455 -0.774663
 -1.276940 -0.037908
 -1.033704 -0.078491
 -8.365305 0.385155
 10.416445 0.588683
 -2.605148 -0.097591
 -0.414724 -0.383668
 0.461168 -0.362690
 -1.327279 -0.953739
 7.190363 0.133727
 11.470230 0.839488
 -0.233767 -0.337919
 -8.207719 0.339769
 9.901738 0.662232
 10.885788 0.635585
 10.130306 0.667255
 -6.827117 0.126308
 -3.211304 0.022201
 -1.546949 -0.079790
 -4.557383 -0.044974
 1.030889 -0.394187
 2.427373 -0.178084
 9.958563 0.484977
 -2.389805 0.005909
 11.825601 0.877947
 -2.882391 -0.763342
 11.828844 0.846733
 -0.865116 -0.349043
 2.942506 -0.797543
 10.463350 0.600979
 -2.564316 -0.326639
 11.887379 0.788823
 -2.699641 -0.141983
 -11.875610 0.875269
 10.751114 0.576640
 -2.547693 -0.005807
 1.118118 -0.033886
 3.447192 -0.289263
 -4.895039 -0.235319
 3.157184 -1.249271
 2.144268 -0.297481
 -4.630505 -0.834200
 -10.151025 0.620759
 -0.925645 -0.162607
 2.525904 -0.281552
 -0.042188 -0.021535
 0.627247 -0.075801
 6.793941 0.016295
 -7.421041 -0.609321
 -2.051288 -0.897642
 -12.495752 0.905072
 -8.728471 0.295497
 11.515626 0.835816
 -1.609982 0.010868
 -2.398244 -0.106733
 8.395716 0.423660
 7.878354 0.394653
 -2.737375 -0.245111
 -2.936158 -0.179555
 -2.623833 0.001659
 8.666046 0.388130
 3.031480 -0.373695
 10.724063 0.751561
 -10.356743 0.606496
 2.327516 -0.197076
 6.249183 0.179422
 5.306583 0.020586
 -12.123934 0.886473
 2.697881 -0.048098
 -3.578779 -0.083646
 -4.826116 -0.836388
 -9.264437 0.492112
 5.953372 -1.146132
 7.310829 -0.124389
 2.689008 -1.253736
 0.795556 -0.032241
 -0.337061 -0.082074
 11.774463 0.779037
 5.970445 0.112450
 -11.306457 0.830751
 -8.318242 0.364325
 -12.426618 0.921237
 -0.415779 -0.301407
 -2.620609 -0.124089
 -8.085020 0.472061
 12.513635 0.882039
 5.920823 -1.150416
 -2.454725 -0.618046
 -7.147388 -0.267565
 2.643534 -0.675787
 -6.687378 0.194967
 12.047763 0.849143
 -1.518826 0.008916
 7.484598 0.275364
 4.910270 -0.458142
 -2.466125 -0.332817
 2.741141 -0.382968
 -1.937054 -0.022912
 5.917591 -0.433683
 -1.079243 0.023798
 10.751370 0.738867
 -0.975112 -0.333550
 -1.156146 -0.737940
 10.743336 0.752369
 -11.054737 0.792801
 -7.971196 -0.022808
 -0.585766 -0.377934
 -10.398540 0.723231
 -2.157644 -0.021833
 7.476825 0.375779
 2.652423 -0.771752
 -10.416605 0.668450
 -2.465685 0.039266
 2.845925 -0.368259
 -9.303426 0.499719
 -8.191038 0.364733
 5.256768 -0.318799
 6.831426 0.028757
 -11.906265 0.763400
 -7.200940 0.082334
 -3.615998 0.055179
 -0.061846 -0.350083
 3.266062 -0.380050
 0.179621 -0.722339
 -9.312007 0.444450
 3.468581 -0.034447
 10.529536 0.586721
 11.191610 0.784683
 -2.078668 -0.068493
 -0.560883 -0.005760
 -8.724664 0.557364
 -4.660686 0.139609
 3.683677 -0.503057
 -0.164592 -0.235771
 -4.485620 -1.024265
 -1.086178 -0.524317
 -6.901568 -0.180145
 8.784011 0.308877
 -7.187424 -0.299858
 1.722138 -0.451902
 5.808801 -0.128247
 -7.988989 0.322287
 3.264691 -0.467410
 -0.590833 0.022900
 2.096022 -0.042397
 -0.272664 -1.133048
 12.244671 0.855122
 -9.918046 0.638808
 13.029468 0.963842
 11.102883 0.727884
 1.195798 -0.792725
 -1.836521 -0.235970
 -0.152508 -0.454323
 7.508054 0.274415
 2.775651 -0.044336
 -1.725822 -0.050969
 0.038999 -0.295290
 8.967715 0.544609
 -4.022881 -0.006169
 10.692261 0.727700
 -8.936491 0.405329
 2.740211 -0.136368
 6.929522 0.283076
 -1.388291 -0.332504
 -10.032562 0.377426
 -2.330443 -0.885821
 12.047724 0.901264
 -12.335587 0.942904
 12.534744 0.937472
 6.691151 0.216344
 -2.562313 0.021586
 1.119011 -0.506972
 -6.430319 0.234687
 -6.515922 0.265951
 0.209553 -0.383262
 -9.749949 0.567919
 3.606632 -1.644370
 -7.602315 0.246260
 -7.852968 0.142666
 -8.123225 0.333056
 -0.285549 -0.321302
 -3.357464 0.049469
 0.641646 -0.044657
 -10.728188 0.754241
 10.321741 0.045158
 -0.241483 -0.107549
 -1.643507 -0.184389
 -0.769031 0.004096
 -11.330664 0.742338
 -7.649109 -0.747786
 -4.068639 0.101171
 1.554191 -0.904361
 0.139343 -0.831453
 7.821246 0.324878
 2.381188 -0.357440
 -2.848413 -0.767512
 10.544751 0.726941
 -5.199065 -2.018768
 -1.814541 0.014845
 0.520439 -0.326087
 2.323656 -0.174010
 3.218836 -1.547167
 -8.368462 0.113530
 5.867579 -0.078627
 7.017138 -0.046998
 -0.658951 -0.014839
 -3.658569 -0.249854
 -2.887149 0.033392
 -2.691318 -0.063077
 6.202640 0.174108
 -0.344790 -0.321144
 -1.742363 -0.918013
 7.464744 0.276456
 8.753041 0.443035
 -0.835820 -0.543793
 2.402984 -0.046847
 7.619575 -0.015577
 1.536895 -0.494152
 -3.415993 -0.719628
 -5.755429 0.195154
 1.519268 -0.521378
 -12.104337 0.900974
 -1.831588 -0.535057
 5.045098 -0.037649
 -2.346416 -0.862691
 -1.413547 -0.067471
 -0.650140 -0.344331
 -9.806937 0.556087
 -4.926545 -1.640675
 -1.645037 -0.423549
 0.912329 -0.460402
 7.528110 0.285222
 1.736792 -0.898958
 -7.823165 -0.043428
 -0.034251 -0.576835
 -13.076193 1.025774
 -11.177488 0.752029
 -8.712549 0.292518
 -2.160254 -0.146310
 -1.820968 -0.434581
 -2.857440 -0.289894
 -0.236813 -0.986990
 -1.996677 -0.784254
 -9.428903 0.594387
 -7.635650 -0.622247
 1.395744 -0.032719
 3.990437 -0.110448
 2.302670 -0.041067
 -1.324907 -0.034225
 2.756274 -0.738916
 -8.818619 0.423724
 2.385593 -0.384855
 -0.278413 -0.384147
 -12.054569 0.881814
 -6.618758 0.156363
 4.199157 -1.325879
 -3.442100 -0.084785
 0.988605 -0.681915
 6.497861 -0.034241
 -2.135767 -0.019467
 -8.429145 0.224797
 -2.557633 -0.676658
 -0.828007 -0.034232
 -3.747933 -0.710763
 13.141406 0.962599
 -1.116482 -0.643370
 -1.233000 -0.949418
 0.763685 -0.710988
 3.273960 -0.164011
 10.433696 0.579552
 1.838957 -0.355962
 3.392480 -1.580587
 10.471571 0.549896
 2.845279 -0.308498
 10.305255 0.351104
 -1.203450 -0.192663
 -9.070674 0.427317
 -8.351295 0.389867
 -2.839385 -0.000620
 7.561262 0.317808
 1.662497 -0.047075
 -7.171387 0.341412
 -4.589302 0.111907
 -0.036879 -0.356275
 -4.872458 -0.480417
 9.558335 0.583478
 7.763870 0.294967
 4.592390 -0.643883
 7.033851 0.299954
 12.121407 0.905806
 -2.149064 -0.352967
 7.106806 0.245083
 1.099172 -0.773296
 5.425754 -0.193468
 9.551155 0.367383
 2.696443 -0.747297
 10.421134 0.587991
 -2.816011 -0.869118
 12.425525 0.928160
 2.821997 -0.053167
 -9.295417 0.538122
 -2.812692 0.006996
 -11.257160 0.820285
 -9.302725 0.502980
 -6.764052 0.303743
 6.929502 0.044100
 8.805567 0.473277
 8.541920 0.403212
 -9.677303 0.541413
 -1.374650 -0.007258
 8.519586 0.484056
 -2.313362 -0.204171
 -0.537043 -0.138390
 -0.408731 -0.148980
 0.897065 -0.681507
 -4.538702 -0.026129
 -10.485367 0.697142
 7.954517 0.347481
 -0.596968 -0.332035
 0.563652 -0.128355
 12.861797 0.979481
 -8.830840 0.469518
 -1.364134 -0.310792
 -2.005456 0.003118
 10.286259 0.637638
 5.501294 -0.390634
 0.746210 -0.077145
 -7.301629 0.327252
 -4.979002 0.048027
 10.053426 0.442802
 7.436611 0.290603
 -2.762378 -0.272036
 3.804910 -1.106572
 -4.582180 0.124271
 -2.639986 -0.542050
 -7.916064 0.340918
 6.681153 -0.041562
 -7.753826 0.260668
 10.209114 0.297030
 -5.073736 0.141132
 2.677818 -0.918633
 -1.784527 0.022455
 -3.110134 -0.886002
 2.093220 -0.367256
 -1.577716 -0.926606
 0.227740 -0.684849
 1.768076 -0.765737
 2.089490 -0.383125
 5.381115 -0.284220
 -9.340958 0.594665
 11.732066 0.869017
 -3.064979 -0.147145
 -3.234763 -0.841718
 0.073199 -0.390154
 -3.800812 -0.136477
 2.503904 -0.138688
 9.706818 0.610543
 2.934919 -0.131974
 6.013462 -0.612496
 10.252374 0.602558
 2.409601 -0.200149
 2.051351 -0.759903
 0.687427 -0.071634
 2.466358 -0.373853
 -4.522959 -1.056902
 4.550960 -0.437687
 0.807497 -0.386421
 5.656273 -0.360574
 -0.546135 -0.058199
 11.031159 0.788995
 -0.385522 -0.237954
 -11.770476 0.877485
 -7.531958 0.254448
 -10.417329 0.706102
 -9.213261 0.530866
 -6.521703 0.233243
 0.658089 -0.250220
 12.368667 0.895794
 -9.016820 0.467372
 4.578677 -0.582985
 9.818439 0.622459
 -10.932546 0.786771
 -13.073423 1.025497
 -10.914838 0.662817
 -3.649213 -0.189172
 5.463490 -0.174131
 6.639213 0.236573
 2.771584 -0.535760
 7.864328 0.394170
 11.822819 0.781013
 10.994592 0.710991
 2.111327 -1.031600
 -5.062688 0.052372
 5.717437 0.111904
 -10.646827 0.765069
 -8.046742 0.282663
 8.643879 0.410644
 4.855870 -0.290389
 2.873779 -0.311131
 -0.901183 -0.274701
 0.915827 -0.424677
 -0.067271 -0.038057
 -7.514491 0.312915
 7.348552 0.183028
 6.469938 -0.146091
 9.921695 0.650996
 10.024766 0.259676
 5.982966 -0.035031
 3.149464 -1.399848
 10.530282 0.609244
 -6.247107 0.244488
 -4.849868 0.126529
 12.682853 0.956800
 -0.158764 -0.610118
 7.930578 0.254898
 -7.750032 0.373721
 -9.626540 0.527502
 6.053098 -0.087156
 -4.206252 -0.052307
 -11.655679 0.866504
 9.750362 0.607037
 -12.568489 0.971410
 -1.641662 -0.009406
 -12.547827 0.968783
 -2.663858 -0.021905
 -2.964198 0.010548
 -1.804652 -0.072047
 1.469651 -0.083359
 5.145732 0.040301
 -4.469165 0.120361
 2.914939 -0.170378
 -9.951166 0.581354
 -8.212777 0.436662
 -8.433348 0.125950
 -10.386740 0.654257
 -0.916531 -0.024682
 -0.775080 -0.085600
 4.461188 -0.486308
 3.718432 -0.633910
 0.538261 -0.446241
 4.145612 -0.482276
 0.160430 -0.005047
 9.395780 0.459437
 -2.287684 -0.802027
 8.815592 0.283751
 8.098516 0.262538
 6.972295 0.178514
 -2.062613 -0.350804
 -0.351882 -0.062588
 -10.898288 0.726807
 2.216518 -0.395208
 11.587655 0.697051
 -0.629174 0.013402
 9.234068 0.575475
 12.569556 0.921215
 2.305829 -0.588648
 -10.820959 0.703022
 -7.662739 0.407509
 -12.181514 0.830895
 -1.981052 0.031523
 7.857977 0.028652
 -5.656173 0.164222
 -0.754007 -0.138991
 8.587633 0.436590
 -7.698428 0.256431
 -2.788163 -0.523726
 -10.739348 0.763140
 -1.030888 -0.640427
 1.237415 -0.487475
 -1.889719 -0.501316
 10.295889 0.712149
 -1.773774 -0.029470
 4.219519 -0.507118
 10.830681 0.758858
 9.831340 0.569957
 -8.557803 0.352645
 -9.298997 0.615967
 6.533609 0.218234
 -4.279925 0.022629
 -11.920968 0.889757
 -2.225618 -0.020330
 5.564732 -0.203314
 1.899306 -0.357119
 -10.181291 0.659241
 9.969988 0.522473
 -12.257344 0.901857
 -2.394663 -0.002554
 -5.511416 0.172971
 -7.424736 0.377703
 -11.619652 0.861659
 -1.940982 -0.097323
 -7.032877 0.061500
 11.213821 0.796826
 12.407408 0.913219
 -10.138730 0.670197
 2.630450 -0.368106
 1.991955 -0.485996
 -3.569126 -1.111588
 -4.195967 0.119880
 7.076949 0.208424
 13.036360 0.941843
 -11.208761 0.803856
 6.654923 0.239899
 -0.982015 -0.544016
 -7.624403 0.252022
 0.539719 -0.162753
 9.438229 0.601142
